{
 "cells": [
  {
   "cell_type": "code",
   "execution_count": 1,
   "metadata": {},
   "outputs": [],
   "source": [
    "%matplotlib inline\n",
    "from sklearn import preprocessing\n",
    "from sklearn import metrics, linear_model, datasets, neighbors, svm\n",
    "from sklearn.model_selection import KFold\n",
    "from sklearn import naive_bayes\n",
    "import numpy as np\n",
    "import pandas as pd\n",
    "import math\n",
    "from matplotlib import pyplot as plt"
   ]
  },
  {
   "cell_type": "markdown",
   "metadata": {},
   "source": [
    "## Regressão\n",
    "* Dataset: boston house-prices dataset\n",
    "* Aplicar Standardization nas features.\n",
    "* Comparar os resultados dos seguintes algoritmos: Gradient Descent, Linear Regression, kNN, SVM.\n",
    "* Usar as seguintes métricas: RMSE, MAE.\n",
    "* Escolher a melhor técnica e criar um modelo final usando todo o dataset para treinar o modelo."
   ]
  },
  {
   "cell_type": "code",
   "execution_count": 2,
   "metadata": {},
   "outputs": [
    {
     "data": {
      "text/plain": [
       "dict_keys(['data', 'target', 'feature_names', 'DESCR'])"
      ]
     },
     "execution_count": 2,
     "metadata": {},
     "output_type": "execute_result"
    }
   ],
   "source": [
    "boston = datasets.load_boston()\n",
    "boston.keys()"
   ]
  },
  {
   "cell_type": "code",
   "execution_count": 3,
   "metadata": {
    "scrolled": true
   },
   "outputs": [
    {
     "data": {
      "text/html": [
       "<div>\n",
       "<style scoped>\n",
       "    .dataframe tbody tr th:only-of-type {\n",
       "        vertical-align: middle;\n",
       "    }\n",
       "\n",
       "    .dataframe tbody tr th {\n",
       "        vertical-align: top;\n",
       "    }\n",
       "\n",
       "    .dataframe thead th {\n",
       "        text-align: right;\n",
       "    }\n",
       "</style>\n",
       "<table border=\"1\" class=\"dataframe\">\n",
       "  <thead>\n",
       "    <tr style=\"text-align: right;\">\n",
       "      <th></th>\n",
       "      <th>CRIM</th>\n",
       "      <th>ZN</th>\n",
       "      <th>INDUS</th>\n",
       "      <th>CHAS</th>\n",
       "      <th>NOX</th>\n",
       "      <th>RM</th>\n",
       "      <th>AGE</th>\n",
       "      <th>DIS</th>\n",
       "      <th>RAD</th>\n",
       "      <th>TAX</th>\n",
       "      <th>PTRATIO</th>\n",
       "      <th>B</th>\n",
       "      <th>LSTAT</th>\n",
       "      <th>Price</th>\n",
       "    </tr>\n",
       "  </thead>\n",
       "  <tbody>\n",
       "    <tr>\n",
       "      <th>257</th>\n",
       "      <td>0.61154</td>\n",
       "      <td>20.0</td>\n",
       "      <td>3.97</td>\n",
       "      <td>0.0</td>\n",
       "      <td>0.647</td>\n",
       "      <td>8.704</td>\n",
       "      <td>86.9</td>\n",
       "      <td>1.8010</td>\n",
       "      <td>5.0</td>\n",
       "      <td>264.0</td>\n",
       "      <td>13.0</td>\n",
       "      <td>389.70</td>\n",
       "      <td>5.12</td>\n",
       "      <td>50.0</td>\n",
       "    </tr>\n",
       "    <tr>\n",
       "      <th>439</th>\n",
       "      <td>9.39063</td>\n",
       "      <td>0.0</td>\n",
       "      <td>18.10</td>\n",
       "      <td>0.0</td>\n",
       "      <td>0.740</td>\n",
       "      <td>5.627</td>\n",
       "      <td>93.9</td>\n",
       "      <td>1.8172</td>\n",
       "      <td>24.0</td>\n",
       "      <td>666.0</td>\n",
       "      <td>20.2</td>\n",
       "      <td>396.90</td>\n",
       "      <td>22.88</td>\n",
       "      <td>12.8</td>\n",
       "    </tr>\n",
       "    <tr>\n",
       "      <th>422</th>\n",
       "      <td>12.04820</td>\n",
       "      <td>0.0</td>\n",
       "      <td>18.10</td>\n",
       "      <td>0.0</td>\n",
       "      <td>0.614</td>\n",
       "      <td>5.648</td>\n",
       "      <td>87.6</td>\n",
       "      <td>1.9512</td>\n",
       "      <td>24.0</td>\n",
       "      <td>666.0</td>\n",
       "      <td>20.2</td>\n",
       "      <td>291.55</td>\n",
       "      <td>14.10</td>\n",
       "      <td>20.8</td>\n",
       "    </tr>\n",
       "    <tr>\n",
       "      <th>71</th>\n",
       "      <td>0.15876</td>\n",
       "      <td>0.0</td>\n",
       "      <td>10.81</td>\n",
       "      <td>0.0</td>\n",
       "      <td>0.413</td>\n",
       "      <td>5.961</td>\n",
       "      <td>17.5</td>\n",
       "      <td>5.2873</td>\n",
       "      <td>4.0</td>\n",
       "      <td>305.0</td>\n",
       "      <td>19.2</td>\n",
       "      <td>376.94</td>\n",
       "      <td>9.88</td>\n",
       "      <td>21.7</td>\n",
       "    </tr>\n",
       "    <tr>\n",
       "      <th>105</th>\n",
       "      <td>0.13262</td>\n",
       "      <td>0.0</td>\n",
       "      <td>8.56</td>\n",
       "      <td>0.0</td>\n",
       "      <td>0.520</td>\n",
       "      <td>5.851</td>\n",
       "      <td>96.7</td>\n",
       "      <td>2.1069</td>\n",
       "      <td>5.0</td>\n",
       "      <td>384.0</td>\n",
       "      <td>20.9</td>\n",
       "      <td>394.05</td>\n",
       "      <td>16.47</td>\n",
       "      <td>19.5</td>\n",
       "    </tr>\n",
       "    <tr>\n",
       "      <th>366</th>\n",
       "      <td>3.69695</td>\n",
       "      <td>0.0</td>\n",
       "      <td>18.10</td>\n",
       "      <td>0.0</td>\n",
       "      <td>0.718</td>\n",
       "      <td>4.963</td>\n",
       "      <td>91.4</td>\n",
       "      <td>1.7523</td>\n",
       "      <td>24.0</td>\n",
       "      <td>666.0</td>\n",
       "      <td>20.2</td>\n",
       "      <td>316.03</td>\n",
       "      <td>14.00</td>\n",
       "      <td>21.9</td>\n",
       "    </tr>\n",
       "    <tr>\n",
       "      <th>502</th>\n",
       "      <td>0.04527</td>\n",
       "      <td>0.0</td>\n",
       "      <td>11.93</td>\n",
       "      <td>0.0</td>\n",
       "      <td>0.573</td>\n",
       "      <td>6.120</td>\n",
       "      <td>76.7</td>\n",
       "      <td>2.2875</td>\n",
       "      <td>1.0</td>\n",
       "      <td>273.0</td>\n",
       "      <td>21.0</td>\n",
       "      <td>396.90</td>\n",
       "      <td>9.08</td>\n",
       "      <td>20.6</td>\n",
       "    </tr>\n",
       "    <tr>\n",
       "      <th>396</th>\n",
       "      <td>5.87205</td>\n",
       "      <td>0.0</td>\n",
       "      <td>18.10</td>\n",
       "      <td>0.0</td>\n",
       "      <td>0.693</td>\n",
       "      <td>6.405</td>\n",
       "      <td>96.0</td>\n",
       "      <td>1.6768</td>\n",
       "      <td>24.0</td>\n",
       "      <td>666.0</td>\n",
       "      <td>20.2</td>\n",
       "      <td>396.90</td>\n",
       "      <td>19.37</td>\n",
       "      <td>12.5</td>\n",
       "    </tr>\n",
       "    <tr>\n",
       "      <th>150</th>\n",
       "      <td>1.65660</td>\n",
       "      <td>0.0</td>\n",
       "      <td>19.58</td>\n",
       "      <td>0.0</td>\n",
       "      <td>0.871</td>\n",
       "      <td>6.122</td>\n",
       "      <td>97.3</td>\n",
       "      <td>1.6180</td>\n",
       "      <td>5.0</td>\n",
       "      <td>403.0</td>\n",
       "      <td>14.7</td>\n",
       "      <td>372.80</td>\n",
       "      <td>14.10</td>\n",
       "      <td>21.5</td>\n",
       "    </tr>\n",
       "    <tr>\n",
       "      <th>445</th>\n",
       "      <td>0.67180</td>\n",
       "      <td>0.0</td>\n",
       "      <td>18.10</td>\n",
       "      <td>0.0</td>\n",
       "      <td>0.740</td>\n",
       "      <td>6.459</td>\n",
       "      <td>94.8</td>\n",
       "      <td>1.9879</td>\n",
       "      <td>24.0</td>\n",
       "      <td>666.0</td>\n",
       "      <td>20.2</td>\n",
       "      <td>43.06</td>\n",
       "      <td>23.98</td>\n",
       "      <td>11.8</td>\n",
       "    </tr>\n",
       "  </tbody>\n",
       "</table>\n",
       "</div>"
      ],
      "text/plain": [
       "         CRIM    ZN  INDUS  CHAS    NOX     RM   AGE     DIS   RAD    TAX  \\\n",
       "257   0.61154  20.0   3.97   0.0  0.647  8.704  86.9  1.8010   5.0  264.0   \n",
       "439   9.39063   0.0  18.10   0.0  0.740  5.627  93.9  1.8172  24.0  666.0   \n",
       "422  12.04820   0.0  18.10   0.0  0.614  5.648  87.6  1.9512  24.0  666.0   \n",
       "71    0.15876   0.0  10.81   0.0  0.413  5.961  17.5  5.2873   4.0  305.0   \n",
       "105   0.13262   0.0   8.56   0.0  0.520  5.851  96.7  2.1069   5.0  384.0   \n",
       "366   3.69695   0.0  18.10   0.0  0.718  4.963  91.4  1.7523  24.0  666.0   \n",
       "502   0.04527   0.0  11.93   0.0  0.573  6.120  76.7  2.2875   1.0  273.0   \n",
       "396   5.87205   0.0  18.10   0.0  0.693  6.405  96.0  1.6768  24.0  666.0   \n",
       "150   1.65660   0.0  19.58   0.0  0.871  6.122  97.3  1.6180   5.0  403.0   \n",
       "445   0.67180   0.0  18.10   0.0  0.740  6.459  94.8  1.9879  24.0  666.0   \n",
       "\n",
       "     PTRATIO       B  LSTAT  Price  \n",
       "257     13.0  389.70   5.12   50.0  \n",
       "439     20.2  396.90  22.88   12.8  \n",
       "422     20.2  291.55  14.10   20.8  \n",
       "71      19.2  376.94   9.88   21.7  \n",
       "105     20.9  394.05  16.47   19.5  \n",
       "366     20.2  316.03  14.00   21.9  \n",
       "502     21.0  396.90   9.08   20.6  \n",
       "396     20.2  396.90  19.37   12.5  \n",
       "150     14.7  372.80  14.10   21.5  \n",
       "445     20.2   43.06  23.98   11.8  "
      ]
     },
     "execution_count": 3,
     "metadata": {},
     "output_type": "execute_result"
    }
   ],
   "source": [
    "bos = pd.DataFrame(boston['data'])\n",
    "bos.columns = boston['feature_names']\n",
    "bos['Price'] = boston['target']\n",
    "bos.sample(10)"
   ]
  },
  {
   "cell_type": "code",
   "execution_count": 4,
   "metadata": {
    "scrolled": false
   },
   "outputs": [
    {
     "data": {
      "text/html": [
       "<div>\n",
       "<style scoped>\n",
       "    .dataframe tbody tr th:only-of-type {\n",
       "        vertical-align: middle;\n",
       "    }\n",
       "\n",
       "    .dataframe tbody tr th {\n",
       "        vertical-align: top;\n",
       "    }\n",
       "\n",
       "    .dataframe thead th {\n",
       "        text-align: right;\n",
       "    }\n",
       "</style>\n",
       "<table border=\"1\" class=\"dataframe\">\n",
       "  <thead>\n",
       "    <tr style=\"text-align: right;\">\n",
       "      <th></th>\n",
       "      <th>CRIM</th>\n",
       "      <th>ZN</th>\n",
       "      <th>INDUS</th>\n",
       "      <th>CHAS</th>\n",
       "      <th>NOX</th>\n",
       "      <th>RM</th>\n",
       "      <th>AGE</th>\n",
       "      <th>DIS</th>\n",
       "      <th>RAD</th>\n",
       "      <th>TAX</th>\n",
       "      <th>PTRATIO</th>\n",
       "      <th>B</th>\n",
       "      <th>LSTAT</th>\n",
       "      <th>Price</th>\n",
       "    </tr>\n",
       "  </thead>\n",
       "  <tbody>\n",
       "    <tr>\n",
       "      <th>CRIM</th>\n",
       "      <td>1.000000</td>\n",
       "      <td>-0.199458</td>\n",
       "      <td>0.404471</td>\n",
       "      <td>-0.055295</td>\n",
       "      <td>0.417521</td>\n",
       "      <td>-0.219940</td>\n",
       "      <td>0.350784</td>\n",
       "      <td>-0.377904</td>\n",
       "      <td>0.622029</td>\n",
       "      <td>0.579564</td>\n",
       "      <td>0.288250</td>\n",
       "      <td>-0.377365</td>\n",
       "      <td>0.452220</td>\n",
       "      <td>-0.385832</td>\n",
       "    </tr>\n",
       "    <tr>\n",
       "      <th>ZN</th>\n",
       "      <td>-0.199458</td>\n",
       "      <td>1.000000</td>\n",
       "      <td>-0.533828</td>\n",
       "      <td>-0.042697</td>\n",
       "      <td>-0.516604</td>\n",
       "      <td>0.311991</td>\n",
       "      <td>-0.569537</td>\n",
       "      <td>0.664408</td>\n",
       "      <td>-0.311948</td>\n",
       "      <td>-0.314563</td>\n",
       "      <td>-0.391679</td>\n",
       "      <td>0.175520</td>\n",
       "      <td>-0.412995</td>\n",
       "      <td>0.360445</td>\n",
       "    </tr>\n",
       "    <tr>\n",
       "      <th>INDUS</th>\n",
       "      <td>0.404471</td>\n",
       "      <td>-0.533828</td>\n",
       "      <td>1.000000</td>\n",
       "      <td>0.062938</td>\n",
       "      <td>0.763651</td>\n",
       "      <td>-0.391676</td>\n",
       "      <td>0.644779</td>\n",
       "      <td>-0.708027</td>\n",
       "      <td>0.595129</td>\n",
       "      <td>0.720760</td>\n",
       "      <td>0.383248</td>\n",
       "      <td>-0.356977</td>\n",
       "      <td>0.603800</td>\n",
       "      <td>-0.483725</td>\n",
       "    </tr>\n",
       "    <tr>\n",
       "      <th>CHAS</th>\n",
       "      <td>-0.055295</td>\n",
       "      <td>-0.042697</td>\n",
       "      <td>0.062938</td>\n",
       "      <td>1.000000</td>\n",
       "      <td>0.091203</td>\n",
       "      <td>0.091251</td>\n",
       "      <td>0.086518</td>\n",
       "      <td>-0.099176</td>\n",
       "      <td>-0.007368</td>\n",
       "      <td>-0.035587</td>\n",
       "      <td>-0.121515</td>\n",
       "      <td>0.048788</td>\n",
       "      <td>-0.053929</td>\n",
       "      <td>0.175260</td>\n",
       "    </tr>\n",
       "    <tr>\n",
       "      <th>NOX</th>\n",
       "      <td>0.417521</td>\n",
       "      <td>-0.516604</td>\n",
       "      <td>0.763651</td>\n",
       "      <td>0.091203</td>\n",
       "      <td>1.000000</td>\n",
       "      <td>-0.302188</td>\n",
       "      <td>0.731470</td>\n",
       "      <td>-0.769230</td>\n",
       "      <td>0.611441</td>\n",
       "      <td>0.668023</td>\n",
       "      <td>0.188933</td>\n",
       "      <td>-0.380051</td>\n",
       "      <td>0.590879</td>\n",
       "      <td>-0.427321</td>\n",
       "    </tr>\n",
       "    <tr>\n",
       "      <th>RM</th>\n",
       "      <td>-0.219940</td>\n",
       "      <td>0.311991</td>\n",
       "      <td>-0.391676</td>\n",
       "      <td>0.091251</td>\n",
       "      <td>-0.302188</td>\n",
       "      <td>1.000000</td>\n",
       "      <td>-0.240265</td>\n",
       "      <td>0.205246</td>\n",
       "      <td>-0.209847</td>\n",
       "      <td>-0.292048</td>\n",
       "      <td>-0.355501</td>\n",
       "      <td>0.128069</td>\n",
       "      <td>-0.613808</td>\n",
       "      <td>0.695360</td>\n",
       "    </tr>\n",
       "    <tr>\n",
       "      <th>AGE</th>\n",
       "      <td>0.350784</td>\n",
       "      <td>-0.569537</td>\n",
       "      <td>0.644779</td>\n",
       "      <td>0.086518</td>\n",
       "      <td>0.731470</td>\n",
       "      <td>-0.240265</td>\n",
       "      <td>1.000000</td>\n",
       "      <td>-0.747881</td>\n",
       "      <td>0.456022</td>\n",
       "      <td>0.506456</td>\n",
       "      <td>0.261515</td>\n",
       "      <td>-0.273534</td>\n",
       "      <td>0.602339</td>\n",
       "      <td>-0.376955</td>\n",
       "    </tr>\n",
       "    <tr>\n",
       "      <th>DIS</th>\n",
       "      <td>-0.377904</td>\n",
       "      <td>0.664408</td>\n",
       "      <td>-0.708027</td>\n",
       "      <td>-0.099176</td>\n",
       "      <td>-0.769230</td>\n",
       "      <td>0.205246</td>\n",
       "      <td>-0.747881</td>\n",
       "      <td>1.000000</td>\n",
       "      <td>-0.494588</td>\n",
       "      <td>-0.534432</td>\n",
       "      <td>-0.232471</td>\n",
       "      <td>0.291512</td>\n",
       "      <td>-0.496996</td>\n",
       "      <td>0.249929</td>\n",
       "    </tr>\n",
       "    <tr>\n",
       "      <th>RAD</th>\n",
       "      <td>0.622029</td>\n",
       "      <td>-0.311948</td>\n",
       "      <td>0.595129</td>\n",
       "      <td>-0.007368</td>\n",
       "      <td>0.611441</td>\n",
       "      <td>-0.209847</td>\n",
       "      <td>0.456022</td>\n",
       "      <td>-0.494588</td>\n",
       "      <td>1.000000</td>\n",
       "      <td>0.910228</td>\n",
       "      <td>0.464741</td>\n",
       "      <td>-0.444413</td>\n",
       "      <td>0.488676</td>\n",
       "      <td>-0.381626</td>\n",
       "    </tr>\n",
       "    <tr>\n",
       "      <th>TAX</th>\n",
       "      <td>0.579564</td>\n",
       "      <td>-0.314563</td>\n",
       "      <td>0.720760</td>\n",
       "      <td>-0.035587</td>\n",
       "      <td>0.668023</td>\n",
       "      <td>-0.292048</td>\n",
       "      <td>0.506456</td>\n",
       "      <td>-0.534432</td>\n",
       "      <td>0.910228</td>\n",
       "      <td>1.000000</td>\n",
       "      <td>0.460853</td>\n",
       "      <td>-0.441808</td>\n",
       "      <td>0.543993</td>\n",
       "      <td>-0.468536</td>\n",
       "    </tr>\n",
       "    <tr>\n",
       "      <th>PTRATIO</th>\n",
       "      <td>0.288250</td>\n",
       "      <td>-0.391679</td>\n",
       "      <td>0.383248</td>\n",
       "      <td>-0.121515</td>\n",
       "      <td>0.188933</td>\n",
       "      <td>-0.355501</td>\n",
       "      <td>0.261515</td>\n",
       "      <td>-0.232471</td>\n",
       "      <td>0.464741</td>\n",
       "      <td>0.460853</td>\n",
       "      <td>1.000000</td>\n",
       "      <td>-0.177383</td>\n",
       "      <td>0.374044</td>\n",
       "      <td>-0.507787</td>\n",
       "    </tr>\n",
       "    <tr>\n",
       "      <th>B</th>\n",
       "      <td>-0.377365</td>\n",
       "      <td>0.175520</td>\n",
       "      <td>-0.356977</td>\n",
       "      <td>0.048788</td>\n",
       "      <td>-0.380051</td>\n",
       "      <td>0.128069</td>\n",
       "      <td>-0.273534</td>\n",
       "      <td>0.291512</td>\n",
       "      <td>-0.444413</td>\n",
       "      <td>-0.441808</td>\n",
       "      <td>-0.177383</td>\n",
       "      <td>1.000000</td>\n",
       "      <td>-0.366087</td>\n",
       "      <td>0.333461</td>\n",
       "    </tr>\n",
       "    <tr>\n",
       "      <th>LSTAT</th>\n",
       "      <td>0.452220</td>\n",
       "      <td>-0.412995</td>\n",
       "      <td>0.603800</td>\n",
       "      <td>-0.053929</td>\n",
       "      <td>0.590879</td>\n",
       "      <td>-0.613808</td>\n",
       "      <td>0.602339</td>\n",
       "      <td>-0.496996</td>\n",
       "      <td>0.488676</td>\n",
       "      <td>0.543993</td>\n",
       "      <td>0.374044</td>\n",
       "      <td>-0.366087</td>\n",
       "      <td>1.000000</td>\n",
       "      <td>-0.737663</td>\n",
       "    </tr>\n",
       "    <tr>\n",
       "      <th>Price</th>\n",
       "      <td>-0.385832</td>\n",
       "      <td>0.360445</td>\n",
       "      <td>-0.483725</td>\n",
       "      <td>0.175260</td>\n",
       "      <td>-0.427321</td>\n",
       "      <td>0.695360</td>\n",
       "      <td>-0.376955</td>\n",
       "      <td>0.249929</td>\n",
       "      <td>-0.381626</td>\n",
       "      <td>-0.468536</td>\n",
       "      <td>-0.507787</td>\n",
       "      <td>0.333461</td>\n",
       "      <td>-0.737663</td>\n",
       "      <td>1.000000</td>\n",
       "    </tr>\n",
       "  </tbody>\n",
       "</table>\n",
       "</div>"
      ],
      "text/plain": [
       "             CRIM        ZN     INDUS      CHAS       NOX        RM       AGE  \\\n",
       "CRIM     1.000000 -0.199458  0.404471 -0.055295  0.417521 -0.219940  0.350784   \n",
       "ZN      -0.199458  1.000000 -0.533828 -0.042697 -0.516604  0.311991 -0.569537   \n",
       "INDUS    0.404471 -0.533828  1.000000  0.062938  0.763651 -0.391676  0.644779   \n",
       "CHAS    -0.055295 -0.042697  0.062938  1.000000  0.091203  0.091251  0.086518   \n",
       "NOX      0.417521 -0.516604  0.763651  0.091203  1.000000 -0.302188  0.731470   \n",
       "RM      -0.219940  0.311991 -0.391676  0.091251 -0.302188  1.000000 -0.240265   \n",
       "AGE      0.350784 -0.569537  0.644779  0.086518  0.731470 -0.240265  1.000000   \n",
       "DIS     -0.377904  0.664408 -0.708027 -0.099176 -0.769230  0.205246 -0.747881   \n",
       "RAD      0.622029 -0.311948  0.595129 -0.007368  0.611441 -0.209847  0.456022   \n",
       "TAX      0.579564 -0.314563  0.720760 -0.035587  0.668023 -0.292048  0.506456   \n",
       "PTRATIO  0.288250 -0.391679  0.383248 -0.121515  0.188933 -0.355501  0.261515   \n",
       "B       -0.377365  0.175520 -0.356977  0.048788 -0.380051  0.128069 -0.273534   \n",
       "LSTAT    0.452220 -0.412995  0.603800 -0.053929  0.590879 -0.613808  0.602339   \n",
       "Price   -0.385832  0.360445 -0.483725  0.175260 -0.427321  0.695360 -0.376955   \n",
       "\n",
       "              DIS       RAD       TAX   PTRATIO         B     LSTAT     Price  \n",
       "CRIM    -0.377904  0.622029  0.579564  0.288250 -0.377365  0.452220 -0.385832  \n",
       "ZN       0.664408 -0.311948 -0.314563 -0.391679  0.175520 -0.412995  0.360445  \n",
       "INDUS   -0.708027  0.595129  0.720760  0.383248 -0.356977  0.603800 -0.483725  \n",
       "CHAS    -0.099176 -0.007368 -0.035587 -0.121515  0.048788 -0.053929  0.175260  \n",
       "NOX     -0.769230  0.611441  0.668023  0.188933 -0.380051  0.590879 -0.427321  \n",
       "RM       0.205246 -0.209847 -0.292048 -0.355501  0.128069 -0.613808  0.695360  \n",
       "AGE     -0.747881  0.456022  0.506456  0.261515 -0.273534  0.602339 -0.376955  \n",
       "DIS      1.000000 -0.494588 -0.534432 -0.232471  0.291512 -0.496996  0.249929  \n",
       "RAD     -0.494588  1.000000  0.910228  0.464741 -0.444413  0.488676 -0.381626  \n",
       "TAX     -0.534432  0.910228  1.000000  0.460853 -0.441808  0.543993 -0.468536  \n",
       "PTRATIO -0.232471  0.464741  0.460853  1.000000 -0.177383  0.374044 -0.507787  \n",
       "B        0.291512 -0.444413 -0.441808 -0.177383  1.000000 -0.366087  0.333461  \n",
       "LSTAT   -0.496996  0.488676  0.543993  0.374044 -0.366087  1.000000 -0.737663  \n",
       "Price    0.249929 -0.381626 -0.468536 -0.507787  0.333461 -0.737663  1.000000  "
      ]
     },
     "execution_count": 4,
     "metadata": {},
     "output_type": "execute_result"
    }
   ],
   "source": [
    "cor = bos.corr()\n",
    "cor"
   ]
  },
  {
   "cell_type": "code",
   "execution_count": 5,
   "metadata": {
    "scrolled": false
   },
   "outputs": [
    {
     "data": {
